Conjunto:
[1 2 3 4 5 6 7 8 9]
Subconjuntos:
[1 2 3 4 5 6 7 8]
[1 2 3 4 5 6 7 9]
[1 2 3 4 5 6 8 9]
[1 2 3 4 5 7 8 9]
[1 2 3 4 6 7 8 9]
[1 2 3 5 6 7 8 9]
[1 2 4 5 6 7 8 9]
[1 3 4 5 6 7 8 9]
[2 3 4 5 6 7 8 9]
Conjunto:
[1 2 3 4 5 6 7 8 10]
Subconjuntos:
[1 2 3 4 5 6 7 8]
[1 2 3 4 5 6 7 10]
[1 2 3 4 5 6 8 10]
[1 2 3 4 5 7 8 10]
[1 2 3 4 6 7 8 10]
[1 2 3 5 6 7 8 10]
[1 2 4 5 6 7 8 10]
[1 3 4 5 6 7 8 10]
[2 3 4 5 6 7 8 10]
Conjunto:
[1 2 3 4 5 6 7 8 11]
Subconjuntos:
[1 2 3 4 5 6 7 8]
[1 2 3 4 5 6 7 11]
[1 2 3 4 5 6 8 11]
[1 2 3 4 5 7 8 11]
[1 2 3 4 6 7 8 11]
[1 2 3 5 6 7 8 11]
[1 2 4 5 6 7 8 11]
[1 3 4 5 6 7 8 11]
[2 3 4 5 6 7 8 11]
Conjunto:
[1 2 3 4 5 6 7 8 12]
Subconjuntos:
[1 2 3 4 5 6 7 8]
[1 2 3 4 5 6 7 12]
[1 2 3 4 5 6 8 12]
[1 2 3 4 5 7 8 12]
[1 2 3 4 6 7 8 12]
[1 2 3 5 6 7 8 12]
[1 2 4 5 6 7 8 12]
[1 3 4 5 6 7 8 12]
[2 3 4 5 6 7 8 12]
Conjunto:
[1 2 3 4 5 6 7 8 13]
Subconjuntos:
[1 2 3 4 5 6 7 8]
[1 2 3 4 5 6 7 13]
[1 2 3 4 5 6 8 13]
[1 2 3 4 5 7 8 13]
[1 2 3 4 6 7 8 13]
[1 2 3 5 6 7 8 13]
[1 2 4 5 6 7 8 13]
[1 3 4 5 6 7 8 13]
[2 3 4 5 6 7 8 13]
Conjunto:
[1 2 3 4 5 6 7 8 14]
Subconjuntos:
[1 2 3 4 5 6 7 8]
[1 2 3 4 5 6 7 14]
[1 2 3 4 5 6 8 14]
[1 2 3 4 5 7 8 14]
[1 2 3 4 6 7 8 14]
[1 2 3 5 6 7 8 14]
[1 2 4 5 6 7 8 14]
[1 3 4 5 6 7 8 14]
[2 3 4 5 6 7 8 14]
Conjunto:
[1 2 3 4 5 6 7 8 15]
Subconjuntos:
[1 2 3 4 5 6 7 8]
[1 2 3 4 5 6 7 15]
[1 2 3 4 5 6 8 15]
[1 2 3 4 5 7 8 15]
[1 2 3 4 6 7 8 15]
[1 2 3 5 6 7 8 15]
[1 2 4 5 6 7 8 15]
[1 3 4 5 6 7 8 15]
[2 3 4 5 6 7 8 15]
Conjunto:
[1 2 3 4 5 6 7 8 16]
Subconjuntos:
[1 2 3 4 5 6 7 8]
[1 2 3 4 5 6 7 16]
[1 2 3 4 5 6 8 16]
[1 2 3 4 5 7 8 16]
[1 2 3 4 6 7 8 16]
[1 2 3 5 6 7 8 16]
[1 2 4 5 6 7 8 16]
[1 3 4 5 6 7 8 16]
[2 3 4 5 6 7 8 16]
Conjunto:
[1 2 3 4 5 6 7 8 17]
Subconjuntos:
[1 2 3 4 5 6 7 8]
[1 2 3 4 5 6 7 17]
[1 2 3 4 5 6 8 17]
[1 2 3 4 5 7 8 17]
[1 2 3 4 6 7 8 17]
[1 2 3 5 6 7 8 17]
[1 2 4 5 6 7 8 17]
[1 3 4 5 6 7 8 17]
[2 3 4 5 6 7 8 17]
Conjunto:
[1 2 3 4 5 6 7 8 18]
Subconjuntos:
[1 2 3 4 5 6 7 8]
[1 2 3 4 5 6 7 18]
[1 2 3 4 5 6 8 18]
[1 2 3 4 5 7 8 18]
[1 2 3 4 6 7 8 18]
[1 2 3 5 6 7 8 18]
[1 2 4 5 6 7 8 18]
[1 3 4 5 6 7 8 18]
[2 3 4 5 6 7 8 18]
Conjunto:
[1 2 3 4 5 6 7 8 19]
Subconjuntos:
[1 2 3 4 5 6 7 8]
[1 2 3 4 5 6 7 19]
[1 2 3 4 5 6 8 19]
[1 2 3 4 5 7 8 19]
[1 2 3 4 6 7 8 19]
[1 2 3 5 6 7 8 19]
[1 2 4 5 6 7 8 19]
[1 3 4 5 6 7 8 19]
[2 3 4 5 6 7 8 19]
Conjunto:
[1 2 3 4 5 6 7 8 20]
Subconjuntos:
[1 2 3 4 5 6 7 8]
[1 2 3 4 5 6 7 20]
[1 2 3 4 5 6 8 20]
[1 2 3 4 5 7 8 20]
[1 2 3 4 6 7 8 20]
[1 2 3 5 6 7 8 20]
[1 2 4 5 6 7 8 20]
[1 3 4 5 6 7 8 20]
[2 3 4 5 6 7 8 20]
